1000
28.3652162339 -56.1586872367
-79.4766540082 -69.7902945581
82.2718124205 29.0492019749
60.2181000407 19.4509169939
41.2666537625 -70.1964511892
-44.8313922722 22.3087411495
-82.7894458654 -42.863138149
-36.6754923356 32.6440152151
-69.7298975602 64.7769545336
65.3707200906 21.2439834828
62.1422636297 -97.6050839453
46.67300384 -65.197945541
88.4426417055 -12.6024020378
47.8186551066 -44.8399601635
69.4509492878 90.5391624702
64.4866665051 76.0984093356
61.8571469358 87.2204437861
-57.2433682576 10.1203229008
12.1919434454 -18.9955008203
97.2757163628 48.4260715562
43.4024406407 83.9584168426
-53.5292993261 39.6860279065
-49.7374835411 -44.941011903
20.993729755 95.2766088299
58.5336507429 -2.22672590376
-17.7001341976 42.4235696458
51.3421722946 -76.5011891716
57.7207565519 58.5579465702
21.0813664488 -5.53389445741
-68.4823868657 -29.248022712
-67.5098635465 20.1649548336
-61.3248256464 52.7692270792
94.5612857651 -59.9044542978
56.8648216023 50.075807353
-54.0445908044 77.0832524168
60.3792421024 -99.291233882
-24.7483259965 35.5995993485
-1.51547844187 83.2756619382
3.55370699824 -49.5667934415
76.4886051623 -79.0902413968
95.4391735929 -32.6747774043
47.4329036855 62.3109580051
45.5523870763 64.9506143894
2.41012703308 -76.8451486577
-6.28654134242 32.3154693624
26.4857823011 -90.1834927284
-57.2395488304 -88.3063539145
3.08182506632 -8.49570269967
-95.8508313561 -8.97726497013
-70.2590626393 80.3948624581
-83.2196397644 -40.5583297406
51.1788264109 -32.8967266199
75.7313548104 59.6182158691
63.5766190269 52.5153717589
-35.2160792457 -9.13401562779
60.6040500025 62.2057920549
18.69207435 -85.2482644895
-66.8849180844 33.9840781959
-73.5096707082 0.239751985024
19.0754779945 61.3839867758
-7.87561227522 8.85205743674
76.3267195854 15.8385895824
-45.5232439887 67.1603663634
-33.5879019734 -86.1195532899
-19.2165997284 58.3435991467
18.3720258095 96.8712252363
-82.4752334366 -90.2459692994
74.1805476584 88.7587614097
42.1377546039 -24.8203163896
63.4342198871 32.42952733
17.6617723393 -77.0399664607
81.1695607133 14.7555743092
38.3415284434 46.7766064598
33.6098745634 -32.8951263509
-94.4584680429 -50.8711286843
39.193054425 -65.9135142938
-17.6760024193 -16.6856954352
13.1157577656 41.1927194595
60.9185799241 79.5185433465
-60.0951471962 90.1412915083
14.0771244113 80.9667143813
29.3706347214 73.008933673
-75.9358341668 -32.0313709452
-46.5691550453 6.17827027734
70.4416889662 -64.8937723952
-65.9432404396 12.7387724554
-78.9954792504 -6.96778977379
34.5611049931 63.6990643972
-38.5687542412 17.642671154
0.602642487341 38.9863847364
39.6192841195 -46.9011293414
67.8559816747 47.9049829948
82.1419441868 58.6699563281
58.1143124338 6.37863183719
-21.970022254 -65.3129321683
12.8320078824 21.1494485159
-4.0277026006 10.3938818652
-26.2330871984 56.9425687667
82.3309929416 12.6715518599
22.2241081343 -72.7271806583
-81.3399013701 -62.8214108998
-45.5093029389 12.1458347257
-77.0034141092 -61.981265255
-92.1478377088 87.1139675979
-51.0115527691 -6.21403190514
-58.0912633226 88.5883744759
59.4894874029 -56.8605013094
8.6775256892 -70.7451346813
-49.8548859035 -85.0201940795
63.7730450046 43.5925421157
2.61127478241 90.9323533097
70.9309956192 16.0216580032
94.2768564434 -51.3404672853
22.782644472 -94.2369816545
99.7281216117 69.6636447129
11.0463310136 -46.1513107841
-86.7299629734 29.0686610699
73.444979725 -6.22347079546
52.243890725 -75.7735943612
0.686731040814 39.8503919621
99.5773383475 -83.060312912
23.2121354033 43.4513433091
20.6952251289 98.3785816455
-51.2700679891 -88.8422498611
93.7190114492 74.1422383441
-68.8673262336 -76.6968600444
59.7871614985 -11.0196220127
6.34777834321 41.0639655458
7.21384368733 -70.6496509375
-66.1891404948 -90.7988365323
-33.2896931451 88.8780440692
-51.379779596 -62.114905027
2.78006240287 -6.85368107439
-0.645687287684 -54.8514010415
-29.7606068074 -32.8948303849
74.3103389118 44.5944754071
15.5757462198 -58.4132175591
34.676246749 -3.04119932983
20.9906818497 47.5300129443
-98.6589502418 -73.0983645582
-6.97226344049 3.10444792019
-76.7459272187 50.3118489078
36.167643058 54.4949418495
-57.8956355252 -70.9176541794
43.444572664 -69.6064815827
-72.2097353115 -56.9751322885
31.1339987004 83.8236144199
62.0199636838 66.0762850246
52.5685084996 81.9715194094
-21.8669091197 92.0728491272
64.1623377013 -74.8555125988
-54.5617924619 18.1132556782
53.1949527635 21.906408443
15.870067086 79.6816127086
-28.2620144047 -37.3988488791
-2.18098725363 -83.162707317
56.5093534385 50.7241006647
74.3891094508 -76.0593536337
-84.1717837444 -1.19333524661
31.8335852962 -69.542763373
-23.6423508524 -40.9255514318
77.495202739 75.8553077283
-31.4609374355 37.6874271217
-74.5201802787 -20.2014339107
26.8421685325 2.7946057172
56.8645953507 0.226997900426
53.5125508793 32.2125204496
-95.5245526059 -84.6954098751
9.04948538778 -9.48131572777
-64.5575548932 -31.9955484614
79.4259295122 -77.0615248446
-43.4691983496 79.1508786699
-57.6591391156 -28.5525077644
33.6659477095 -26.3559950212
-20.0468334822 76.4230365843
42.278162855 -55.3702976183
63.5825579075 16.6476947176
-44.9258908486 -93.8969723473
54.5013243888 24.4959945314
-21.2143532669 50.4839430138
-12.2989332337 79.8691067879
19.4598587001 -50.718407193
-63.4095683726 22.6473392896
16.1680771175 25.4066421757
70.5676808624 -4.40107301257
26.5243118946 51.3697540319
95.9637239828 77.5221413022
28.9484926807 52.336480243
-13.501052702 -16.0651359776
-21.9793966884 -91.3503634885
-72.274934322 -78.813921202
56.155699139 0.45360830424
-62.1033381703 -72.8936840729
87.6520554364 -60.7223448181
-13.9888647805 -52.2815171962
22.1706266794 -9.11767349488
0.495040510253 90.5336843666
84.581763281 -10.0770897131
13.739709836 76.3336131979
21.9149724573 77.2429884271
-66.981418554 69.4179097702
-61.2021885587 -43.3083867149
-20.5455068387 -72.216778713
23.0784418753 -68.6816530408
1.17161077568 -98.1909036115
29.7397019296 38.7261252772
-42.6545602117 -21.4286327494
39.1900054819 53.490439699
11.9740165156 -83.2671508304
41.4134570181 -93.7367372039
-81.6948740427 -23.6782445536
58.2964107147 -84.0949308689
70.1702205619 -86.5871315822
-48.6255074557 -71.8055177602
97.2299754154 -51.5981390139
94.9228808945 -33.5182987489
17.3083009317 -73.369710089
-44.1034633782 -95.3904286216
89.8123219293 -57.8084579016
-91.53629247 -55.5822199168
-11.4621019037 39.998525087
-68.1841265239 -5.68839701862
-48.0458033626 -18.4253498126
-82.5543655097 30.1681648979
5.12238613595 -88.3783672951
-73.9062348742 92.1112982489
95.5940201753 -76.9158267004
-87.0374869087 -8.87783118915
-33.9460360431 -60.1881467525
14.2565269595 16.4651493389
-48.1013213655 -82.6748139886
13.4397346267 -18.4257789304
-83.2291413578 11.5279888489
91.127311979 12.0955800571
-80.5512359982 -20.2069274393
86.9351352691 -57.1057949218
34.28647927 -7.31537394738
22.4776300528 71.1446319377
-8.58350072927 43.4245955922
-33.193741712 62.5284009618
85.1881247184 23.1844691406
-54.2082897237 -42.7415484249
-93.4007954078 29.2227221149
96.2982092852 83.2903257358
-14.7125491001 -0.557918434446
93.341773355 -99.0177947334
-59.2784136314 13.6465360844
-14.8497005279 -78.6522424775
-82.6067298814 -89.4221517981
-8.43776899342 40.4463089777
-33.5565392311 -58.2000105993
75.2951749128 -47.7902622048
-13.6427971502 34.828249674
42.4550208297 -93.2368186206
29.9186392115 -68.7941888978
72.7014461297 37.9884606714
-64.6124102212 -11.2383264649
90.8066507403 91.8469519611
-39.3712839178 -17.0723409322
-93.9269024279 15.7756014593
6.77403272084 67.1220111746
33.6883998828 -23.9415866567
48.4401783411 78.8688146389
43.8951272943 75.9604646928
97.4316228658 -12.1264840758
-73.1297263616 -88.082273022
-59.2718920541 -57.3340760573
-16.5773106561 -35.5947849219
-20.3323757775 45.0656160562
-64.0622097553 -47.2407423802
86.6503899107 79.97536898
-80.2380327987 98.1341658407
-8.24443185978 57.8297604652
-83.0719206151 11.5238895787
15.0505625259 39.277064117
-89.2555927049 97.723976546
61.0833681395 76.9248195781
56.0303311148 -7.95243214553
42.3629264729 62.2611761768
-73.3096849463 -48.1849757422
-77.4098765636 -70.3122832063
68.2633452406 -17.8250901265
67.4370317739 15.9639850775
6.52022270328 28.9199081858
-78.6398165074 65.8239842075
-42.0540097367 -91.5867067394
-40.5890128189 33.8652768146
35.9534913084 -40.4724459448
46.7499235075 -86.9273409905
-16.2073262093 -28.3034478773
62.348495703 -65.4753165769
-17.9886065803 42.6381267893
-18.592700809 36.5131568585
-46.1330917153 10.2272899314
-79.8348683858 -80.023194424
1.03021111665 74.1008293226
64.9060588327 79.4213713817
84.9629512854 -33.7142718944
-25.0822232817 28.2540980796
-2.9588988683 50.0670193445
-1.51183503742 35.8691070623
-46.7532885485 31.1515885919
-75.9361917801 89.7296410641
-53.7931764416 75.8764970803
44.8718168082 -79.2448119763
38.941847282 -86.3886351287
6.38227089091 92.7595109555
18.6546450466 67.5356227136
82.0611776491 21.256953819
63.0281315266 62.1916314796
-42.7601554185 47.4278243752
52.1487620086 23.3292274066
-45.867262206 -38.2647205195
-50.0074264059 61.715143453
-6.56093984364 86.3776453606
85.5962888712 78.9460369447
-46.4429004608 -68.3446399705
-72.3266646418 -91.6514802018
-16.9678222287 -21.4097878108
-84.731105947 -53.5443791739
89.7228357426 -0.331768533243
-39.534748407 59.5537191296
16.5062099948 -45.6191876367
-62.2971316335 -41.9675091842
-23.7041866724 -32.8303696948
23.3551308429 0.633612020036
4.74370191426 54.2035855839
-61.7089427539 33.1841055369
-20.4375669639 -53.6171666581
-52.5165033583 49.3021684703
50.006824182 -13.2760317424
-36.2786011072 95.7569967342
7.92136489387 0.681874002284
-38.7378920329 0.187568032906
-68.0435736705 75.015557485
67.8585087508 -18.4972099953
33.6830217164 9.45273921799
-68.3748145489 42.9809268256
-27.1371803645 71.3773761388
2.06004759826 -9.04621308613
-28.8260677048 -11.279357859
-77.933699444 82.0447999348
90.3933038605 94.0193777876
0.0839915382177 -58.9230577933
42.7490483051 -90.3150733424
-98.831728658 -60.4276743301
5.79226651601 72.8144490834
-66.1490708233 17.8942805186
-23.072508246 -14.0998715954
-12.0340337658 30.5517354392
-22.556751317 -2.67288777028
73.692505761 56.9581726773
82.9102216051 89.3312500654
-29.8875951286 22.5259704857
96.3129981515 0.0993935579436
89.1174823826 21.6814819323
21.3132181222 96.439391302
21.5572992371 59.9371527548
-41.6600884707 16.5896942667
25.5859292101 43.321095093
-43.473629715 19.3622313936
-58.7254497668 16.2199462431
62.3052844269 -53.4839829453
-20.3091279157 -95.3434703035
-38.3281450481 80.4101395301
-63.9297044291 76.0396836864
-32.526896276 -59.8680978463
-3.56803784457 34.2603634287
-43.7469509289 -18.2696495042
5.56180737948 95.7709431552
86.8185757781 -24.0438545815
-64.6992403293 50.7559878034
-75.070918393 -84.7804937542
-10.1674025349 -9.38825546629
-9.52620906298 -7.21118104238
52.7251473498 -96.6664123032
14.9366478419 -78.7783337351
6.80578600428 -54.0337288
30.5635533963 -44.1061697655
-93.2033471208 -32.8408284816
33.2924898516 48.2887353699
-0.592864180148 -97.9561922543
-5.17115101836 -54.8875972168
70.0035403652 95.1855346847
-38.8759858507 -39.8910245945
-45.07027253 -36.851907935
-61.3106492581 52.0085129877
75.630871879 -94.751656496
33.2369848323 -97.9841466804
38.8519233062 91.4761671695
87.4942447708 -19.0143326821
-37.9014200904 -43.750022994
78.8764610736 -69.4405976149
62.5686396787 42.3429759845
-44.6121492776 -74.0999203291
-26.1535091568 -6.13948748485
-29.4484106824 85.3828091869
15.9574710671 91.548987093
59.974120614 70.7579497384
-35.757468551 -79.9728683961
-89.8565245557 -23.2502908085
16.5840369968 59.4225205892
-14.8164897084 18.7607372202
-16.7267715307 84.7467299856
-60.4418148247 6.43689687581
62.4137105546 79.8731456268
1.91562661353 -12.0423720953
25.5304155859 85.1252678375
82.2766760123 44.8248475766
10.607572831 0.906076656604
14.0091698538 -21.416183243
3.13500804475 97.5984669442
11.7504419057 9.93189767344
54.0613850306 -76.2895924118
18.2996829514 -34.0802426382
-91.3510859543 2.55885347757
34.451969925 -95.9681519131
-16.3536401562 -84.5786491162
10.6585053647 -78.3942615572
23.4385807539 -47.2676719757
51.1620757268 -3.63342208633
-86.0039194566 5.82484726769
-44.2446071866 -42.970717242
-0.90496102875 13.607106733
-77.0312077664 94.0018405768
-77.8396834375 64.6153369387
55.2499142346 -78.7392966711
1.95719107195 56.2047009525
37.7576217862 32.4165174584
0.0761595455999 -65.1508778206
19.9396795133 -91.3109250189
-50.8035532455 53.7411905778
67.7443709108 -28.0294323221
87.585378624 -1.62393459931
75.287885442 -90.3495878162
2.66810432741 -24.6153596445
-24.517220583 -10.1972154188
-94.0781141106 -25.9864119052
75.0214613303 -75.3824094163
-68.0311163872 -71.8951597023
23.367453184 -23.4749167295
98.9174747404 -23.1552381633
27.5288752541 21.8465439899
22.2658320949 -49.7027009569
-34.1408849022 62.1666416407
-20.4542852092 -66.2701911815
-25.1646987322 42.4582457173
49.9536669183 -10.6838407297
-29.3475507434 40.726813602
-68.8962906395 46.84986515
22.9660986774 -8.75957809769
35.4885666936 50.0345258467
-11.0046134189 -90.5432637477
-66.0609821952 44.872821094
10.1308832515 82.0326823592
20.5661190197 -85.2482920355
-54.6616675648 18.3603008437
64.6857085503 43.8986605286
-57.0922382565 -8.05517513395
-6.06553089321 -95.1862607211
13.0837367574 -75.1762651287
-79.1520043246 69.2741846797
95.3427270446 30.2149134164
-29.4484986066 41.4454745708
-5.99306597352 2.54619629684
50.9927023957 11.3327814682
-82.0396687199 -57.250473822
55.4115463677 35.3619285551
41.8419209652 27.8317621004
92.7428141513 -68.8754695635
73.9462023264 -82.9320131441
-80.5409145439 18.6561902286
62.7637199876 -12.3691464002
56.9937589948 -35.4279738336
74.6613293543 -91.0568050797
-94.837871133 -11.584488163
-80.1417338791 -91.2551445164
12.0426696573 62.9042200861
-63.4546955461 51.4422626254
-29.4677416537 -43.6421250239
-71.1673558752 22.0522410094
-73.8099623204 -81.5318883695
26.6612539568 62.972655066
-62.6815274665 -40.85311684
-48.8552027905 69.8894393494
-54.6746859314 82.6750916677
-26.6702754516 -70.9573451714
-10.9909579143 -19.1313182268
14.9665378533 -98.4469793375
-76.4801278356 4.37719819683
18.1195782884 -66.4643607557
10.8067195014 -41.6470609391
-86.756399341 -40.4303116464
-43.5956130361 -13.3465086281
-19.7313451828 -53.1476848852
-5.21885598759 -68.8890748476
-25.0974291055 -55.4382936228
83.1705925598 66.0040938506
85.179025611 -67.6591908634
-98.1860785713 -90.1983365232
-20.5933140165 -56.583461285
-57.9214074683 -99.9638808065
29.5844139513 38.7578877402
-56.2273409995 -22.8919744826
-2.79863207059 37.1527818242
-89.861004514 18.1876575364
21.2433283366 89.6370898322
62.7933949891 -22.1444706214
-37.5695694294 53.3527356608
-25.2079080416 -34.776926795
-38.5063316968 43.7001971385
-6.54434890985 1.88361178526
-78.0534662994 16.1393274968
72.9610972729 -71.22580072
-31.9851687181 32.0590822247
-84.3630972458 -59.2930253239
-87.4114939517 -34.8916082383
58.5059750748 18.813786034
36.2326971725 -52.6735162666
-10.1993899318 -43.0307992916
51.7419738139 -83.4406911078
55.3818362921 -89.6872638943
-53.3406734399 78.6424158321
7.80520021414 37.8153861016
-92.3826002928 -78.2388237938
21.829648577 -29.5155819572
18.1625252233 33.0859038784
-98.1984227682 55.5689145504
-46.7177280208 -2.1695307891
-47.1556278975 -87.3264176071
-98.7542692776 -11.4152123811
80.6940863064 66.996276913
-69.2249186877 -38.231021902
-52.9357642903 91.849701847
83.6061624108 87.2952089455
74.9634488237 85.5918168249
-3.32177377003 -52.685731208
22.4886404378 -72.7236516068
56.8154412325 50.0221251973
80.6780603303 -20.0596679348
37.7514498787 18.8420107315
2.5084026923 -84.96319487
68.1065766721 -21.795814739
-72.8780007017 25.2450046057
-91.3330468386 75.3432350474
81.0042833866 -87.0415727325
-89.6400927136 -56.8275705729
56.4989656212 -36.5849056732
-57.9434552976 -32.4173072971
84.7933489968 84.0699759942
71.6566095994 47.2717375535
-83.2930676916 42.4623184535
-5.55452450397 59.5686290129
-59.7764462649 23.44666033
-55.8705633162 48.6684202526
-78.9358883959 -1.46815542809
11.2394541424 -73.1128154059
93.171683792 50.1791788847
-61.2945540705 -30.3189010321
93.3125994382 21.6994497307
40.8820638098 27.0030479645
-86.7102810395 -83.5176196032
64.9300912585 -31.5157397119
-95.291959575 61.0998758341
80.2610420389 -31.8146691003
-26.1126756964 32.0581796999
-94.1804705439 68.3744031938
16.0589740798 -37.0507006417
-8.87968809495 -54.7573476921
-96.8181986145 87.6476604118
-83.7375861078 -15.2402287778
3.45355429206 -25.6861268896
69.2558097649 -24.4545194278
-23.955759733 -28.3527546849
-71.5361199735 99.7647104881
-88.3001349122 -87.3923736297
-73.1845722683 49.2168153389
-43.1923213654 -98.5808540363
-53.7861223612 1.14421145941
68.5526109625 -93.2091603041
33.6619353591 83.7196742562
-16.5616999402 -30.131164911
-90.140519497 -11.0811837131
-89.0113713671 -62.1863045233
44.5787029116 -81.7682757616
-67.883507793 15.1154999851
12.878435194 82.7835710247
-86.7486558267 79.21119539
55.4668078778 16.980643501
0.560764706593 65.5558223888
-69.9030442761 5.10796961858
-51.5733279973 34.8679302925
-58.3870666415 -42.1800228143
-80.4168637323 60.3323360311
50.5189455808 75.0479158372
60.3014534711 29.8990024498
93.9496098981 81.1341400896
6.89855785568 -45.6440767062
-86.4720232237 44.6902112594
17.6873372617 -94.1752606215
-19.3227326604 2.1158292776
94.5040408797 -92.5266856436
95.0869687868 79.4527615444
72.7315962525 91.7091952509
52.7509296504 89.0105165851
87.6020246361 77.7080940921
-61.7982604016 -93.0071891279
45.5129657179 -8.43811548652
33.9151793559 -64.6262518584
92.1767976231 -29.5811448698
80.3116019109 54.4840430709
-83.0492154108 -54.8279626778
65.3362823305 -41.1893211983
-4.21616781311 83.0851461183
13.9988369197 23.0200687109
-18.894047573 71.2716522812
70.0270429947 -22.3383115383
-37.7746259248 47.9493485496
-46.4558787854 -31.7070629974
-94.3356498458 -21.9152904964
85.4815398414 -28.0743643313
86.4142585454 8.71813857165
-40.5810776604 87.9125702568
96.2198568091 -60.1449870532
-16.920343207 -25.2007075225
18.2719945862 -58.1323768591
99.5133169159 64.0052697473
86.0842127516 30.0067612514
19.1922652055 82.8146138178
-39.7395401934 -80.5902671245
49.4135992934 -16.0679134611
-47.7593105433 -85.6016351388
-77.9931150517 12.7912010755
46.9914178619 -64.5504731721
-68.7956310141 3.30358034447
-75.3201096224 -9.01212099731
7.29465994185 -52.4874238657
92.6031551859 -46.1219169685
57.400110337 -95.7427237621
-36.3582337598 -10.2270408208
-89.896776569 78.8611309915
13.138740541 -87.653830906
-34.4964438253 46.5619417178
91.6335706451 3.48939858441
-40.4742524445 -26.1917250137
-43.1870995351 1.16287221044
29.782169017 0.889833202943
-14.7918420263 77.4712627583
-63.787803108 -22.2775768994
2.74611612724 -71.6716332776
-20.0370341422 91.3066306258
26.5600801366 41.0602028404
66.5858383399 -59.4495304416
12.38296713 86.094302569
2.50139438309 -39.1595850409
-45.4747828651 83.0173676625
-80.4463046766 23.4713583032
-28.5190443119 -14.3993082926
30.5446226825 -60.6777252817
-16.985889409 -46.4673008772
55.7531994231 81.4765264209
32.4431166054 -27.8330048183
-9.7687491458 17.9235753162
69.9183351664 -5.53419698093
47.741292537 -73.2154525455
-41.9726075391 -61.7893964737
26.0921242416 -4.61913622843
-8.53104161624 62.4961885858
-52.1514598727 56.0632390886
-22.8227641596 17.1741077749
-62.086709333 -93.1444211698
40.5692593974 23.7274414195
88.8169720049 -71.6309981853
-99.929355635 55.3371770362
84.2516310804 -47.279015274
66.2105760702 -42.6542435068
33.4119658599 44.339528702
74.1684176208 57.9286299611
-76.3344148816 -25.7527190132
7.79060840492 -2.11233552725
-56.4672187285 -13.1942192007
94.8014479478 -71.0221340263
-64.9863743058 99.7023522688
93.7524704416 13.0592442567
52.6784511503 -66.1017294654
49.6556615684 -59.7203975885
-69.1958469115 99.0375911202
-99.7678413652 -73.2929374982
20.5911926929 -6.40377156734
-18.4339553958 -5.38949145635
-44.6778500955 33.2832449122
-68.2405455155 11.0082869454
-62.908876715 -86.8972078168
-84.9218149477 32.1523888472
76.1004010102 68.6089327417
92.6802260588 -20.0848610152
22.5728523736 -65.542347382
5.00170447331 89.1750986984
30.7420602667 7.06375610267
-76.4547848495 -52.4874290326
-80.6836584152 72.6139167859
-91.1919358005 83.3710357558
74.0934241267 23.7497449063
65.7393339612 29.4839174985
46.6932650656 92.3982638512
-66.6083180436 -77.5773836436
42.2331101275 38.9721154357
59.4092230269 64.3702920778
-9.76620014026 -27.8927305715
-44.1419404653 49.2209530944
-34.3014255782 22.0702046139
37.7919858174 -64.431072029
37.5627960349 -55.3208046299
-16.7576643575 82.9547152644
19.5441946988 -24.8212470777
11.728865801 44.3719360861
54.0954997304 28.0688094248
93.0386258287 62.5468044004
-30.9404331213 -27.5894424565
-10.9225475939 -81.2288585372
-19.6452660599 42.9507452602
-59.2884529112 -97.5096690681
56.5154114537 -27.7197129578
28.6185158264 -8.1674918243
-76.6550163669 75.07140787
29.8059470602 -42.1185548484
-92.240306286 77.9580464285
12.8122585104 -26.3226480496
63.1192763987 -44.6867116635
60.1169164124 65.9875612033
-48.8873528505 -44.7492236718
-34.124102346 59.4361129757
-92.1800548568 -29.2477176966
-73.0814504679 -89.0508464287
-20.2025572484 -34.9042228204
95.8164888823 -32.8126306151
32.7172575472 -5.85135556887
60.9200917673 52.7737901919
-89.6505519777 -24.1938539888
-72.9737576946 -12.8273121094
29.83914275 -59.0612323097
-33.923677165 72.1261333567
-6.13461507409 21.1812088253
42.2314241003 48.4163459799
29.7764652006 85.0470718854
87.3384968636 -60.1092606251
-68.788077533 -12.5561066625
73.0970957673 -14.9502959416
96.9305657062 -84.9127616756
-0.736863150393 -8.91425842101
82.5840748181 90.6809392804
-60.3146139892 30.2142116943
-73.0159079062 -62.0880389783
-13.8640446815 86.1916439583
-81.9397080339 -1.64814021542
98.3527231933 -94.576154087
-87.3560854897 -65.0294896816
-97.4399232823 -53.4579460924
-35.5902181074 -1.07327617971
45.3750806026 3.18393845741
-84.0112973197 -27.1183090049
31.773933476 -2.38422492409
-42.7154864796 -43.6085598971
36.4793331299 -30.0025323856
56.2093883279 30.2174785832
-6.65738957357 64.4102134309
-93.6315707328 -24.7611471325
2.68112965256 -35.2277252424
27.4948348313 -10.2347299676
-76.4740616771 9.95249903502
82.7942461447 94.0857479531
15.3659525917 -25.9309228058
31.3665924691 -22.4011075222
-41.826155893 -54.9965317023
-63.9789305933 93.6224325613
-11.0801673546 -17.7173497367
90.1976192735 -77.8438110823
-91.207976996 69.5811943632
-73.5762169146 -37.0143087128
-70.8050478761 -13.1622292017
-57.0569764857 19.1033510608
-52.3235563378 -97.5358162275
16.8416886031 46.9294516213
-95.22259411 -9.04493957697
81.332131221 71.1495215813
97.0496090312 84.4390948592
-31.2992327385 -34.8066076781
48.2934359471 -99.2732969986
2.31645807248 -22.0815020794
-60.1820132808 -29.3226616649
-25.5737551677 95.9167655767
-84.7976771065 46.8504733508
65.8069977164 -27.4960250872
-12.2123813106 39.1629719407
-10.8383990641 -80.649492179
-84.6848133668 73.5082102048
32.2934840508 -68.0820412392
-58.8452200145 -74.3936612217
55.6987640902 -30.8913675105
16.10014294 -62.3681662771
26.9244202067 -11.9822063514
-97.2286233428 24.7880576948
-67.8484315136 57.9359155725
-3.73406141295 40.7444075278
-27.683200684 -24.7280622208
23.0752772777 -9.00861060962
31.5623030617 24.8171467672
21.6781559107 -55.4093810769
24.1996704904 44.0473789312
-21.8381925423 28.5529962974
17.7550606139 56.7939576474
86.9678083531 57.4207591853
-41.2247557948 -27.0657830707
-11.3965072643 -40.2860382603
82.0766918871 -39.1657826797
53.7654914839 91.6957681624
85.9125224081 11.9635889611
-42.0734926796 7.94196277697
37.128697126 16.9408425808
76.7132958079 48.4976705245
38.0296007469 87.1157684125
-52.8336736513 -2.78832745281
-54.3016187849 49.3144595212
-68.5162834372 64.7230259792
-48.7863284834 62.9458189571
92.2222489408 53.1771584459
-1.16608807051 91.0027597368
-82.5115540793 -54.3591713347
-26.445992407 -50.6661942076
25.833877421 -44.9034700134
-12.4463833547 -47.6403665244
-27.6441773702 -22.110431736
34.8979833648 -5.58205180444
-26.6481871507 35.2213102767
94.6088113661 96.1313015412
-41.8041621099 -58.9802888905
-70.5409516297 -67.1918878096
-36.2275372296 -89.5211917036
-33.4803652482 89.9674705126
64.0848588751 -64.7261344667
-6.05093000876 -60.0405293497
-81.0213900291 -89.4779970011
-78.3866738947 54.9451174636
-19.74736914 42.1513931526
78.6122873308 -82.4746680587
-43.8744307981 92.2341579199
82.7264333405 -61.2694791187
-55.0006362701 80.9158581384
-25.3245370052 67.4321789497
-48.5326684938 96.7263912581
82.8584986072 -13.8241198831
-56.8598632001 -75.1774613832
28.4538626267 55.3686748298
32.1205965753 7.22705223004
81.1417396559 -45.1845945028
-26.5359617523 -59.9107144713
-50.5721331229 28.8082955731
-32.7827740968 -34.7000971693
-80.7458578831 -58.2126808373
84.3611808605 -68.6996230534
-22.8965101753 79.6607843112
3.17449752958 91.7998918888
-84.2152280938 -55.0302845394
-23.6278302798 81.3707344579
94.4545404738 -45.2612390527
51.5938837288 14.4458574373
-81.4710885605 -22.6583647497
26.1352173814 85.0751463864
-93.8003639481 79.6262478349
-7.76300362088 84.4996019623
47.572376011 -77.3022180882
-66.7361890521 73.8110181893
-9.15364372845 13.0064851611
2.9264107405 48.0830172448
66.8541079001 -37.4270683748
50.4038003376 -37.7714569855
77.702400449 -83.177345818
-18.2315663076 5.6397854177
-19.3116420916 -65.3044768705
18.3239691046 89.0943796147
-96.2057503996 10.2269590067
79.2569803714 -77.6249675688
75.2554978751 -51.8604655024
94.7789959673 -73.6180135234
1.89946018516 -40.7815605907
-24.0351811282 -42.5847371182
-68.9140350234 80.8705098842
-72.733353236 25.1929592153
-4.98549093651 -89.0613142306
74.5875014597 71.774003219
64.4881658215 -42.2503212708
0.488658516071 -73.2281257666
15.5550344708 -14.6824816767
-40.1224878224 6.74058721122
-56.1185705814 -26.750388334
49.735751615 -30.6290214699
-57.1116771895 34.8576890224
59.8193055237 -68.4765187213
-73.8377255386 -93.5826786553
11.3288190326 -92.1092988987
90.2273306931 -1.30385192834
56.5934454014 73.5978480532
52.6088614475 58.9789318333
-22.9617148495 95.2665113162
-58.4391499119 79.5725607275
-71.1487191653 8.43485303148
-96.8393339679 -91.7654594692
-36.5536652061 -78.79341462
40.6630413745 82.5499728178
2.56036096845 -95.6569118317
67.7257103147 -5.77416670303
14.0045112868 -89.2542778485
-59.2656373658 -57.0057240138
-49.0940664845 53.1586387481
-70.2408982953 0.913355772266
-15.2041916595 -68.0443723838
8.57337933268 -73.2598645806
21.10871589 -55.8505739301
-90.6204169343 55.8812058715
-81.3295415255 -89.3991783761
-44.2955247309 -68.3209134501
-17.129399548 19.8337208079
-1.63777758691 33.4721319567
61.0505685886 -34.5997305567
63.1132734202 -86.8577026601
-95.9013563091 88.6841152563
-8.74782743497 50.8483926381
-92.5525886967 -87.8690411331
-69.3818741004 67.7550587948
-82.9784231439 81.1929277279
-72.459404609 -24.7268652535
87.6026090281 93.5974072071
95.2997911559 76.6645893689
-29.5258176986 32.4031477144
-40.947884996 -23.2628400665
3.85087710615 50.4561993259
-56.4226334141 79.3758527352
11.8061522306 -53.7956146505
90.3208196798 -47.4941571008
15.7301501774 -72.7040196593
-30.3845621489 -89.4887152483
-96.8756612844 37.1877271063
-60.8099014725 16.1985285466
19.7941404646 -43.3468214899
15.8433970545 79.1586857118
39.1837958324 27.7675230108
71.6624978571 -0.562523878571
26.0631600259 36.3813915513
64.2043757816 1.90954035569
83.2529033618 -18.327050084
-43.0828586372 16.7239689422
7.27843748955 85.3145836026
9.31549697925 69.6778418997
52.6262062925 59.5896079693
62.8428196423 -10.0275236214
87.7270131997 -76.9270488358
-84.2093136698 -99.2333044639
39.5397657075 -94.0227695888
83.9423531736 88.577613217
96.0059029639 71.8607662393
96.1902583071 -76.5654107318
28.6352866101 59.3889918304
62.5479578993 -22.9709955886
-35.5978585386 -41.9592098347
-24.56372715 -61.6413203497
-81.0772608934 -54.0160247933
49.6175025796 18.0036525222
-40.9557406539 -18.6105520581
48.0448876701 -86.8497615296
23.9812971699 -87.0882677591
74.8596163971 42.4425399534
-15.4164101113 -41.791865348
-77.8683235298 52.1044155723
-92.1129053631 -57.9859468167
27.4411279599 69.0653723216
95.7484260571 -71.5806733973
42.8098104863 -17.4112145513
-11.0218051303 -9.83718736057
0.804003419445 47.4081081152
56.2720612314 38.5816593902
92.2610130903 -61.2018951229
-28.699705678 -33.1469573169
-27.6372045004 -49.6860843546
-52.5102277788 20.2804017179
55.1216964693 -39.497543996
-87.1944356421 -2.53227930305
-71.4479887581 -73.178900956
61.8226700011 55.5719926527
32.0841413087 -0.428644508165
81.2779490618 -14.0571047442
-9.14930356194 28.0010275617
37.1833452145 -83.8233371125
13.0906785995 -86.8980570827
-13.7668999663 22.9285462747
-89.3078385215 48.5972905111
-26.7437095824 56.3929163871
18.6127631735 -67.8656048665
46.9934782586 35.5851938982
-62.205370273 -71.822631598
26.3309865062 19.6113670368
